664159	550946	6
665845	557965	6
597173	575538	6
618600	551446	6
635690	608046	6
588100	557588	6
582015	546191	6
604678	574577	6
572029	518313	6
604737	574591	6
577728	587566	6
602013	574722	6
627968	574625	6
607269	536961	6
603145	574795	6
671919	571761	6
612184	570393	6
600032	575310	6
627912	593892	6
601967	604428	6
591851	569051	6
601444	572693	6
629718	558104	6
661430	603567	6
597551	556737	6
601182	582584	6
562704	570596	6
605107	563429	6
607214	575069	6
568824	570203	6
612485	518009	6
589244	573777	6
625579	551084	6
560237	500154	6
626224	569687	6
610666	551701	6
597428	569940	6
600582	599535	6
604168	555003	6
613871	550423	6
617310	551945	6
625728	579460	6
606300	566708	6
638559	558807	6
582176	630383	6
544056	577786	6
631297	578351	6
561574	621747	6
604973	574773	6
605284	556134	6
617910	592293	6
555904	640401	6
526559	509417	6
603849	572396	6
598634	619900	6
603359	589262	6
657455	567754	6
614279	599251	6
578496	631434	6
645171	595209	6
688015	533535	6
656477	573007	6
540029	563888	6
597418	538362	6
613545	574733	6
628696	542447	6
604157	574191	6
603126	497987	6
605850	533310	6
596179	529556	6
610330	552628	6
598184	531473	6
620438	511694	6
600202	622079	6
603021	577991	6
515612	540643	6
606548	574376	6
593490	623110	6
607084	595500	6
583728	563146	6
616044	533807	6
624452	584622	6
604438	574666	6
625709	660145	6
601376	579831	6
565148	557305	6
639418	537903	6
612799	537497	6
583653	652182	6
599808	596484	6
605250	573272	6
606738	601356	6
611044	571814	6
575440	568511	6
616329	529516	6
605927	572533	6
609286	586782	6
647354	579190	6
606929	571420	6
562920	559223	6
680357	620811	6
707100	601463	6
604294	574368	6
614917	600946	6
611508	503220	6
603789	574474	6
551740	588768	6
546031	570429	6
569197	559307	6
688712	568754	6
604067	574091	6
606809	572101	6
588597	622592	6
613840	534167	6
576263	547239	6
597077	568196	6
601339	571609	6
606011	569426	6
593398	559764	6
593166	622725	6
609796	532982	6
712648	607541	6
585048	505097	6
525967	565687	6
660327	585901	6
607604	573951	6
604001	573587	6
591484	571087	6
613868	585089	6
645464	660478	6
538571	654649	6
555429	604551	6
597620	586226	6
586097	567445	6
545235	539822	6
649088	575733	6
599123	616977	6
563763	559454	6
617717	613939	6
618869	577243	6
567188	560044	6
636628	533309	6
560362	567914	6
595014	632844	6
605876	550640	6
604352	573425	6
600679	599545	6
596891	579476	6
614943	540976	6
604415	571400	6
603698	573585	6
658199	568743	6
598759	582942	6
671269	590258	6
593317	534085	6
657985	453405	10
608557	590278	6
623004	508050	6
601900	569391	6
641031	593074	6
589658	640498	6
567565	573952	6
559078	570088	6
639431	588155	6
566609	537592	6
568570	579335	6
660650	615038	6
667639	571164	6
596796	529933	6
606111	617846	6
616060	590779	6
602873	527864	6
571334	594145	6
602167	543919	6
605100	573307	6
546640	560043	6
585195	555011	6
651740	589474	6
589112	536573	6
582057	543124	6
690968	555952	6
609030	552436	6
632125	541413	6
603445	630598	6
628264	616214	6
577242	574073	6
604090	574392	6
607911	576556	6
600665	638890	6
600117	539079	6
631182	565466	6
695646	652231	6
619445	567491	6
613191	571942	6
567428	580005	6
590583	623314	6
606289	670243	6
585175	574133	6
634967	579020	6
614615	574437	6
593061	579188	6
606933	576409	6
606587	573873	6
594084	629464	6
683697	581516	6
601530	577183	6
603055	589818	6
616561	619007	6
607463	477085	10
611581	572630	6
579712	568354	6
602887	595245	6
600039	557139	6
605913	579526	6
579773	568698	6
606324	544357	6
605958	573728	6
606144	575076	6
667472	570571	6
580048	565009	6
597802	576113	6
610263	574422	6
603855	575180	6
624369	532153	6
599870	591110	6
577167	617095	6
658403	611332	6
563460	480559	10
610980	522819	6
569422	567790	6
627727	578737	6
592804	584539	6
540783	626497	6
591823	639096	6
637323	549567	6
638078	629421	6
611315	560757	6
647103	573853	6
522993	595581	6
601187	531825	6
533799	564377	6
649034	528813	6
620975	564344	6
622407	583192	6
597026	642918	6
551291	576721	6
608768	610525	6
697959	614701	6
658281	582264	6
546632	599204	6
672565	564468	6
636500	587401	6
696144	548705	6
533551	582247	6
526802	551524	6
553038	606418	6
696601	603624	6
588964	597435	6
716139	621721	6
608529	586311	6
557378	567033	6
589994	610890	6
589344	563119	6
624415	515911	6
565483	551512	6
584895	574666	6
582777	542670	6
639394	576728	6
608298	573748	6
663578	586265	6
628080	562986	6
597421	554767	6
595193	576508	6
658103	572250	6
659529	498474	6
606415	581386	6
641976	577433	6
587466	564953	6
589180	595099	6
601885	573083	6
580561	528916	6
621726	578003	6
558817	576255	6
620213	574468	6
594010	570095	6
541976	512639	6
593840	578685	6
602667	575857	6
631446	561156	6
596481	567449	6
611318	581584	6
568546	564911	6
593865	572987	6
597017	575588	6
578804	573582	6
673750	594081	6
592714	553958	6
594029	586701	6
668502	563937	6
629533	537542	6
801539	318482	11
801667	318542	11
814045	332998	11
800479	321640	11
757470	224976	11
844536	424646	11
797105	316002	11
779956	271501	11
797205	313318	11
801323	316240	11
783666	262902	11
806131	312752	11
830658	368694	11
802482	335269	11
801910	325434	11
808062	337340	11
789833	304422	11
803603	327255	11
800865	312968	11
802237	318526	11
803959	315173	11
800123	312312	11
780927	285057	11
797242	324588	11
801551	320544	11
809182	319115	11
801931	317202	11
870801	476330	7
820327	352701	11
801093	317509	11
798523	324500	11
805237	318655	11
803375	311620	11
801441	323812	11
797313	317527	11
788220	301915	11
790395	300024	11
817135	349925	11
797787	301470	11
804630	332333	11
808710	330379	11
802111	320817	11
796375	309563	11
819768	346596	11
814605	354382	11
800565	319364	11
802089	313456	11
814401	341234	11
796609	319691	11
776131	248465	11
803464	329093	11
802646	317894	11
809550	327365	11
795322	311178	11
830450	393096	11
778414	260729	11
800041	318331	11
802814	320130	11
802738	312234	11
823913	369439	11
803386	318982	11
812869	346251	11
798904	324420	11
800447	331643	11
807446	342555	11
804251	329956	11
797594	302109	11
803448	314797	11
765502	240340	11
795527	315510	11
794640	313497	11
808717	335740	11
790932	305223	11
816852	352965	11
826228	376658	11
795299	312036	11
808686	332209	11
809594	344872	11
799275	324108	11
878184	487392	7
798472	322218	11
824822	367091	11
746769	205186	14
756701	207223	14
795489	287279	11
800483	320713	11
783491	288029	11
797162	306135	11
800272	316170	11
806827	324616	11
802853	314938	11
800804	316615	11
813173	354777	11
801588	319814	11
797400	315778	11
823840	368410	11
811391	343836	11
801055	321833	11
804038	306622	11
803780	334441	11
834173	386159	11
802784	313853	11
807293	347456	11
817119	336333	11
786635	269352	11
824624	381716	11
797415	319840	11
800772	325023	11
806626	318966	11
800845	311838	11
769386	259892	11
797272	324228	11
807409	325526	11
795836	291870	11
798321	319665	11
805372	313397	11
790738	308028	11
800667	315995	11
795205	316433	11
809054	345541	11
808452	320117	11
779897	279572	11
782642	275308	11
797569	321799	11
801751	318110	11
787644	297715	11
807401	314610	11
800677	310656	11
800394	301473	11
795571	310093	11
814158	335578	11
811913	325091	11
806982	316680	11
775604	274485	11
800133	327081	11
806511	313841	11
803796	314893	11
802012	318315	11
826789	377676	11
814108	344096	11
804354	309671	11
807017	330432	11
803774	334756	11
817410	346944	11
841928	398948	11
816145	349032	11
818622	370753	11
786245	292352	11
784164	285702	11
805390	319676	11
790774	303642	11
803277	319525	11
833182	379714	11
773023	251826	11
801609	320399	11
778965	282290	11
814317	333112	11
805080	323708	11
801080	318049	11
799724	318884	11
798059	316113	11
806176	320301	11
769876	257669	11
825716	373098	11
791983	298565	11
801386	313545	11
804871	317801	11
810903	332925	11
838276	395673	11
810543	341180	11
777978	252419	11
820258	351165	11
801997	319385	11
779437	281959	11
810253	323873	11
794826	309589	11
814280	344223	11
832651	373469	11
794142	306704	11
802041	319504	11
804190	320706	11
798983	325682	11
840462	402858	11
799912	323363	11
804119	328544	11
804358	320802	11
803057	331037	11
803031	325811	11
784151	283760	11
800444	311497	11
802004	317772	11
803470	319069	11
811277	335577	11
803332	315488	11
800037	317963	11
813436	360446	11
800694	316789	11
838129	404012	11
764997	249477	11
800316	311699	11
806848	320541	11
805462	317833	11
798308	312788	11
802655	316263	11
801456	320080	11
801309	318213	11
840886	397888	11
829529	375007	11
830805	370801	11
804979	334141	11
804013	316083	11
808489	317021	11
770113	241615	11
804332	319006	11
833661	389733	11
797834	297329	11
794956	309980	11
801232	307078	11
809552	342258	11
794615	305632	11
809259	345634	11
811502	355939	11
801301	316893	11
803370	318247	11
804702	315881	11
797009	293194	11
813791	334609	11
812965	330224	11
826048	374236	11
800959	322309	11
803405	317316	11
802254	320673	11
783116	265635	11
798633	317300	11
801482	327644	11
798612	326404	11
799001	302014	11
802537	312497	11
799794	315080	11
793892	313943	11
804691	332987	11
793855	298525	11
796952	318633	11
800655	320227	11
801780	318992	11
805977	320805	11
796916	323332	11
820904	351763	11
808405	318841	11
765283	249459	11
824212	363776	11
798981	311092	11
797178	310439	11
800582	316980	11
803839	310353	11
796283	315582	11
801145	317601	11
801662	318423	11
801782	318281	11
803377	319212	11
803932	318781	11
806192	337849	11
789583	287700	11
801586	318947	11
804251	331304	11
799667	316830	11
759789	229116	11
799021	326404	11
793684	312065	11
806320	315242	11
786234	267976	11
821151	366545	11
801903	312794	11
782506	279930	11
803627	319323	11
794991	291216	11
794667	315069	11
799291	317500	11
798243	324160	11
804408	337683	11
818119	348676	11
810502	336169	11
793560	285392	11
801326	315779	11
808644	326320	11
813645	328765	11
800966	317165	11
797111	302781	11
802431	322048	11
811061	333595	11
786719	283364	11
773955	239849	11
803701	321815	11
783110	289805	11
800235	316652	11
807421	317527	11
797947	319734	11
805035	317469	11
801166	322298	11
846693	429031	11
801493	322249	11
806087	326636	11
810657	329468	11
801313	300606	11
800390	309948	11
801634	318965	11
799197	314215	11
795254	296488	11
807696	320548	11
800461	326821	11
801174	320442	11
809781	326904	11
826585	366934	11
804429	312164	11
788005	292268	11
801183	316191	11
378274	816341	1
406233	813072	1
401478	785370	1
448651	847994	1
434440	822866	1
369199	734895	1
413241	771595	1
369418	733394	1
378563	789670	1
424190	780052	1
415993	776671	1
421352	799127	1
432656	783776	1
383032	788008	1
414377	771258	1
425260	773661	1
469139	810971	1
442979	803024	1
347079	803582	1
412797	803180	1
352874	807952	1
442286	755194	1
416433	786159	1
419700	793447	1
422961	821595	1
400008	789447	1
429586	775621	1
457561	788245	1
415417	785827	1
389552	750700	1
415598	786499	1
443447	783977	1
404792	749210	1
389392	730768	1
473485	847098	1
491614	778997	1
437483	785130	1
452570	848127	1
417197	778243	1
405986	787439	1
437568	794323	1
420319	794333	1
418963	746595	1
469422	822619	1
397688	762902	1
418149	790096	1
407289	798870	1
360319	778673	1
473799	795167	1
445199	763833	1
446537	828924	1
410019	732704	1
396540	815936	1
407694	718592	1
417091	792545	1
442260	754050	1
411526	784658	1
407814	765816	1
394022	803914	1
481133	781413	1
396118	794614	1
458538	786673	1
419721	789724	1
424476	781552	1
377720	727349	1
448336	789445	1
412227	787450	1
408745	824896	1
417016	774869	1
395274	786698	1
412541	806622	1
412109	735920	1
407023	787385	1
376660	815936	1
396548	784388	1
508535	830710	1
414014	816460	1
440782	782395	1
436951	814456	1
393758	750953	1
418410	795929	1
425991	787029	1
414562	787355	1
408712	803987	1
377858	811790	1
417169	792321	1
460371	780609	1
388873	746909	1
395641	808571	1
386436	791388	1
440667	768761	1
438437	730300	1
370839	727884	1
422917	781112	1
391555	789079	1
402666	814060	1
474368	812039	1
406176	760860	1
463768	793154	1
446307	796523	1
402309	786873	1
413946	786971	1
425053	790566	1
416926	785113	1
424023	737453	1
417447	782955	1
415672	787824	1
416019	787562	1
417515	787648	1
459230	803720	1
447833	819282	1
418199	851439	1
417393	771537	1
441415	780207	1
399634	751940	1
373360	784232	1
419227	779215	1
434717	808225	1
397669	792218	1
412028	773494	1
407504	803363	1
365147	790525	1
459328	805961	1
429472	860855	1
480128	785580	1
344915	702496	1
410969	770451	1
407460	791404	1
420476	750495	1
397747	792207	1
408428	771823	1
397806	749559	1
426040	825049	1
407565	766203	1
414317	828815	1
410610	765111	1
412388	784064	1
406337	750353	1
422419	754048	1
416039	730594	1
414512	793966	1
398478	822297	1
424375	721868	1
403890	792420	1
400902	772920	1
402367	782997	1
472917	830363	1
418621	840463	1
329002	727685	1
418618	811618	1
425356	745471	1
470922	770669	1
400598	790903	1
412851	774986	1
492415	829655	1
400079	749617	1
417673	785965	1
424720	768456	1
386415	801444	1
426689	788562	1
430747	776261	1
405714	781619	1
429220	787348	1
427850	762201	1
434080	785264	1
473514	788780	1
412386	777312	1
430686	844506	1
409142	811927	1
422198	724557	1
392185	713763	1
412677	786951	1
399149	784376	1
382693	749680	1
527515	831478	1
448519	805219	1
430779	770145	1
413556	758080	1
392140	769924	1
416855	794023	1
389713	772742	1
398498	776720	1
473727	807244	1
389410	788256	1
377230	790154	1
415564	784464	1
456799	844976	1
444336	820061	1
404359	783919	1
453154	776082	1
425019	759577	1
415895	775793	1
420083	787815	1
506612	858859	1
436648	859634	1
403522	785432	1
401407	759648	1
403852	792473	1
367398	701756	1
412453	784453	1
382124	786262	1
416884	786845	1
448865	836781	1
383821	808301	1
414249	796590	1
457338	789952	1
396276	785999	1
390282	789593	1
409417	758123	1
397561	815245	1
397137	742547	1
402891	801910	1
385257	791581	1
409628	833942	1
369249	797068	1
460942	779073	1
423146	737571	1
420509	788730	1
422736	790806	1
401492	790336	1
394018	799506	1
385140	796221	1
430243	781020	1
416775	806826	1
425796	795608	1
411488	837715	1
433989	765343	1
415806	783594	1
417023	771194	1
415270	775605	1
391163	811977	1
405350	762342	1
414860	773921	1
371779	814715	1
415631	805010	1
387951	813315	1
472691	802678	1
471930	844046	1
432892	815223	1
366654	802105	1
411721	717873	1
426115	814461	1
375997	806621	1
385561	718324	1
375573	809249	1
437958	784801	1
363857	784086	1
430138	818594	1
435085	791564	1
414036	742189	1
425611	793420	1
439793	740773	1
467107	817914	1
387631	749416	1
430001	765803	1
384225	784381	1
417146	822655	1
427371	819417	1
399587	792459	1
474648	778810	1
345692	788190	1
409515	756149	1
469782	780552	1
468229	827985	1
414951	852935	1
409701	750741	1
442826	795974	1
459556	818479	1
423311	813081	1
476144	772131	1
391976	789416	1
448649	813885	1
496658	816784	1
410336	767856	1
430167	811490	1
357467	797530	1
404220	785798	1
446368	763341	1
439514	758221	1
424145	743433	1
470062	771204	1
421187	779726	1
396617	801039	1
394708	739061	1
394912	755947	1
425950	788228	1
408283	806161	1
419520	778231	1
441950	785934	1
409814	836083	1
395817	788858	1
422776	808328	1
363959	810632	1
422943	804253	1
407626	771304	1
347933	797148	1
457554	795861	1
394274	837428	1
445674	768552	1
416359	786189	1
419485	804779	1
376176	795539	1
349378	805118	1
456566	743012	1
484407	809641	1
403329	717870	1
392795	817694	1
372621	772258	1
461751	817277	1
489182	773934	1
427388	815258	1
418155	819422	1
437035	755506	1
416444	783624	1
777811	751059	3
823974	725025	3
749723	781756	3
875160	698897	3
828194	742074	3
800913	749332	3
831165	783383	3
793019	764859	3
810467	706465	3
803540	754792	3
844662	654835	3
803962	731228	3
823065	733789	3
822156	732296	3
811389	723618	3
779936	774397	3
854769	713941	3
803457	735855	3
790712	745884	3
815652	733433	3
841289	701474	3
832054	751330	3
786032	701427	3
824835	704997	3
832886	781206	3
818063	797960	3
857620	709386	3
828589	652430	3
836727	737798	3
776000	780347	3
824098	714042	3
830583	710990	3
862189	735684	3
815131	704478	3
828478	655405	3
784838	771499	3
880362	706363	3
767482	727417	3
825070	734215	3
813781	738344	3
840863	737972	3
840943	739611	3
828276	762021	3
822883	728314	3
854886	769396	3
829623	732301	3
835428	731189	3
818338	800932	3
823417	701523	3
812152	689907	3
829969	699565	3
861563	661642	3
816955	747629	3
774526	757135	3
803577	712231	3
798056	714380	3
881789	727577	3
858867	700187	3
834996	728517	3
839121	736259	3
841045	738224	3
840100	728839	3
874544	686096	3
862334	747768	3
820253	714625	3
817862	732248	3
844729	682981	3
846484	719360	3
793669	724513	3
821906	732848	3
826465	646980	3
820350	748217	3
814540	707227	3
838223	766380	3
869471	745767	3
816054	733183	3
801177	737548	3
848783	748980	3
814105	723255	3
838036	749612	3
840270	725456	3
789601	714058	3
827169	708345	3
789448	738035	3
835030	668528	3
848151	741869	3
816091	747764	3
801511	761094	3
822670	689090	3
873672	734440	3
808153	737136	3
755829	751858	3
814697	729209	3
832758	707452	3
848264	762550	3
799903	784535	3
802674	727804	3
828147	808738	3
820707	705318	3
824594	741664	3
804474	747122	3
823108	733302	3
839514	728923	3
827711	732798	3
851644	721350	3
816390	711340	3
798007	723995	3
790612	738038	3
821909	728448	3
865754	723314	3
735295	814058	2
877711	703850	3
792990	685472	3
809917	762429	3
789388	712210	3
879221	655497	3
876935	684572	3
819439	735945	3
807929	730950	3
850451	764015	3
811748	766105	3
824765	761114	3
848586	789052	3
812231	739235	3
873532	712802	3
842590	716861	3
832798	734777	3
817640	730018	3
824322	744720	3
777697	798253	3
868493	677155	3
805658	698630	3
840349	790707	3
796953	726378	3
832589	782799	3
817441	709397	3
856029	730586	3
805089	762512	3
854628	773470	3
846090	651306	3
796943	674692	3
827192	785316	3
818209	719382	3
795200	786424	3
817777	724927	3
846512	683647	3
825080	746712	3
824674	806300	3
822616	735941	3
805391	732659	3
823250	732088	3
850376	739749	3
821337	733356	3
796786	724615	3
862425	741010	3
825690	703854	3
800872	672603	3
825395	715780	3
843911	730036	3
820238	732928	3
848570	703697	3
825515	738284	3
820367	732364	3
822025	749214	3
837718	761480	3
871723	685520	3
850904	720163	3
816775	739989	3
822103	732911	3
815455	755486	3
835648	756631	3
868626	737331	3
825997	730652	3
817252	730254	3
877906	722361	3
808440	729985	3
791470	751113	3
841654	764836	3
825429	732758	3
751215	828365	2
804706	788001	3
820194	734233	3
869991	705259	3
809779	663654	3
822078	711840	3
866139	717138	3
829379	718721	3
837582	763266	3
783999	732487	3
800231	732106	3
862569	719773	3
838764	652792	3
849343	713993	3
828297	715480	3
821259	750089	3
874643	729921	3
819058	729125	3
817018	729596	3
797804	715342	3
838515	768484	3
829398	724900	3
754841	796342	3
878690	739021	3
821908	732077	3
786495	759000	3
823987	687499	3
787988	741203	3
839339	726322	3
822425	727248	3
854412	725575	3
788351	737539	3
838587	700545	3
840425	762290	3
817395	734126	3
807913	737341	3
872285	750708	3
788166	702817	3
836225	709204	3
822293	786837	3
888892	702505	3
822623	745025	3
795124	696429	3
832238	725434	3
815593	689874	3
843572	784897	3
833716	758772	3
822474	780882	3
801102	759330	3
841752	731595	3
808779	732990	3
822533	758955	3
817807	715863	3
837977	728814	3
801204	755177	3
819628	810748	3
814732	734183	3
832086	716249	3
876503	659112	3
823856	749355	3
819737	737829	3
818756	743887	3
811971	664520	3
801526	705057	3
827031	734324	3
843891	721571	3
810460	735109	3
782368	759352	3
801172	715857	3
866928	716961	3
829673	730398	3
850888	736810	3
786935	732999	3
769656	721159	3
804925	735492	3
870054	738900	3
818932	728481	3
853692	746285	3
807072	687932	3
750459	800215	3
823959	737866	3
835804	710711	3
790206	747165	3
813092	739043	3
801810	728106	3
825404	733788	3
820947	730529	3
827081	694553	3
822664	720677	3
768565	762193	3
823113	733720	3
821079	800206	3
828531	731300	3
820757	738235	3
781260	737962	3
819438	662327	3
833504	744564	3
789552	731946	3
822843	763117	3
775555	719683	3
865084	713697	3
820455	729132	3
849547	738979	3
762269	792243	3
821464	700760	3
824013	753991	3
803369	698753	3
823589	728083	3
796353	710294	3
820083	728310	3
829133	735488	3
823455	747394	3
818542	740451	3
809623	734937	3
841762	777572	3
802184	751958	3
803874	675499	3
830065	739162	3
824140	729074	3
852730	769968	3
866760	753547	3
811031	703822	3
825414	734466	3
816615	770855	3
786227	765634	3
817269	733788	3
809453	736879	3
757421	774445	3
818251	731938	3
788020	765562	3
823618	734216	3
812295	728049	3
837545	696979	3
797918	694723	3
822224	742716	3
821895	732158	3
797233	713358	3
800258	733812	3
813319	737376	3
860951	162251	14
860387	157731	14
857363	154639	14
863391	126214	14
839094	159543	14
849248	164090	14
875990	133950	14
905936	150106	14
895835	123485	14
818079	108536	14
898976	198452	14
869087	153957	14
849653	143827	14
834293	161575	14
844234	153197	14
835128	212354	14
828179	155649	14
875410	128878	14
850965	156224	14
800816	176612	14
832621	150748	14
876863	176593	14
826192	172906	14
862679	188399	14
839974	154358	14
854338	135067	14
855233	141357	14
850538	160159	14
868442	160118	14
888714	205560	14
864185	161232	14
851280	156049	14
875825	204959	14
840375	155757	14
892340	149050	14
873527	126426	14
836433	200181	14
826499	142732	14
854922	159650	14
883537	210648	14
807420	168787	14
840299	118907	14
834602	213597	14
864053	139325	14
856454	117143	14
857972	160214	14
850046	108829	14
804936	148980	14
864374	150149	14
858587	150101	14
870247	121460	14
855656	162100	14
850176	127908	14
850057	157848	14
828005	145089	14
861994	160156	14
849537	157510	14
867125	168762	14
838142	156770	14
847644	164348	14
856349	158150	14
860606	152843	14
869288	168662	14
838328	185708	14
860986	140320	14
829229	143653	14
866051	172932	14
871556	194747	14
865489	161762	14
851840	110475	14
846256	154064	14
836081	178429	14
859707	202806	14
849938	156042	14
894124	202052	14
864325	170593	14
848108	161786	14
817619	181929	14
858058	196183	14
861242	161722	14
885793	172115	14
850577	157049	14
877125	161227	14
883864	111281	14
891699	170415	14
802394	87835	14
862759	157988	14
824185	167369	14
813124	157130	14
840335	164912	14
858042	178196	14
846257	145306	14
858516	151301	14
851282	153750	14
905005	164126	14
857309	139276	14
845589	192916	14
895245	150977	14
863995	150435	14
862642	159379	14
861631	169376	14
858934	162874	14
912023	160368	14
842824	177832	14
824560	133679	14
842281	175525	14
860845	155375	14
841096	188742	14
821428	153468	14
840357	169437	14
827802	189078	14
844734	164570	14
847812	114745	14
887269	166179	14
830159	134329	14
850925	157811	14
847276	121785	14
870599	149782	14
780153	136449	14
814379	132655	14
834483	173379	14
852423	159874	14
854012	157449	14
883375	158482	14
850219	110573	14
836450	151205	14
881217	172320	14
813239	139752	14
871255	140340	14
789356	159383	14
873690	156226	14
858834	149259	14
778867	140736	14
872057	122354	14
882097	161493	14
787336	144875	14
849751	167033	14
843833	170416	14
850663	157840	14
812240	177846	14
838609	140215	14
850959	157920	14
859703	156782	14
854753	190254	14
895723	126593	14
857833	170565	14
850200	164752	14
845303	150476	14
877422	134877	14
850153	155701	14
819256	201704	14
871689	155981	14
818014	140185	14
815298	167390	14
864088	171351	14
902529	162041	14
908069	146564	14
799326	106384	14
854996	81095	14
843813	182032	14
888504	147016	14
877964	242679	14
851866	156896	14
821361	175823	14
810775	160434	14
843150	156573	14
844088	150085	14
830620	117906	14
835790	127898	14
819541	117296	14
858703	157931	14
857846	153281	14
876408	183646	14
842576	153072	14
848974	199427	14
862925	243856	14
856561	128799	14
834171	189042	14
872516	217570	14
869167	105039	14
819670	183364	14
846575	159002	14
895127	152283	14
830445	186055	14
792179	148539	14
852410	187705	14
853554	158012	14
927170	250593	14
825605	167750	14
846731	162515	14
878170	123364	14
884966	133900	14
866987	154415	14
846284	113820	14
873474	159567	14
878258	158631	14
882306	173836	14
856924	169071	14
794260	129843	14
851568	114049	14
868736	179354	14
925732	210388	14
868375	161990	14
855593	161003	14
849599	157084	14
868317	177001	14
800304	163436	14
823740	169808	14
856202	158811	14
883929	121705	14
851010	157593	14
872506	157517	14
850533	160136	14
816393	185056	14
850911	157772	14
812942	85345	14
835581	147664	14
913298	162009	14
858172	137586	14
872781	154295	14
871597	185239	14
923120	170161	14
837019	215527	14
835702	176502	14
837017	154170	14
859177	143273	14
866851	129505	14
855852	134834	14
924289	171369	14
860154	113364	14
836739	162321	14
850775	162968	14
884750	154317	14
849681	125345	14
854463	159977	14
883567	161769	14
848137	87922	14
823676	152154	14
848135	130674	14
844400	150812	14
864494	136669	14
878157	210496	14
851088	157432	14
786528	104976	14
860106	157080	14
861412	205239	14
820675	168154	14
834036	144156	14
842907	133992	14
846720	162060	14
871544	144135	14
849003	115373	14
856753	145184	14
839757	190518	14
865113	161302	14
846936	161313	14
845802	172285	14
844357	163402	14
881106	105566	14
877835	151890	14
839445	149778	14
866560	165110	14
845798	213118	14
818668	120458	14
831446	182864	14
900955	185733	14
836647	167267	14
874672	104851	14
849126	121710	14
889142	154467	14
855993	225023	14
854095	158510	14
850787	125678	14
859298	139834	14
829216	121494	14
837676	148639	14
851919	127963	14
841353	125628	14
848563	117708	14
893106	176595	14
852503	146551	14
848290	143184	14
825541	151495	14
883231	232031	14
864667	143614	14
805089	96540	14
854909	149938	14
847097	176660	14
910435	171155	14
878749	188759	14
871780	158486	14
841292	155620	14
846011	160034	14
855969	193497	14
860927	110775	14
808069	134402	14
848413	183717	14
791722	162000	14
852104	134678	14
806567	140259	14
847423	161535	14
867993	162841	14
828038	149181	14
849404	170474	14
841967	150890	14
850945	161669	14
888697	143969	14
813868	188928	14
864991	159874	14
881109	152198	14
811694	188374	14
900360	153622	14
885764	151791	14
814553	164190	14
895623	178393	14
829790	205695	14
865170	173755	14
850453	155432	14
864211	216526	14
848770	111076	14
791199	164843	14
834165	140684	14
843905	219401	14
857328	143692	14
838146	159541	14
340693	569371	5
315965	587160	5
405652	622938	5
359831	554975	5
349296	557688	5
289423	559134	5
408689	562521	5
321312	574721	5
286568	547471	5
370259	585265	5
339967	562602	5
410917	614521	5
283570	563726	5
347197	591316	5
342064	570045	5
317331	556086	5
335792	541310	5
330455	568758	5
366794	582584	5
378697	591764	5
339981	565418	5
338342	566864	5
338474	563350	5
432052	613723	5
340064	550509	5
334354	578047	5
296775	572432	5
353335	592567	5
334016	562797	5
328438	532686	5
365927	571713	5
343247	564376	5
325057	581121	5
330881	579058	5
378648	579579	5
339115	566863	5
333299	597586	5
367048	553451	5
345840	561591	5
366934	581294	5
358793	547046	5
393570	579641	5
304399	545221	5
353979	578923	5
337002	589527	5
327738	559624	5
334549	579199	5
297110	556485	5
327403	548875	5
413894	564459	5
326043	553772	5
337811	558454	5
333901	532836	5
340545	568654	5
358483	554925	5
318065	581616	5
367751	578289	5
331667	570387	5
321519	561045	5
299578	572052	5
339632	536577	5
339993	544064	5
268672	508874	5
332960	569308	5
345042	566973	5
352220	602793	5
333934	537464	5
312386	555195	5
334182	558498	5
335328	562880	5
303637	570253	5
353145	580916	5
325118	556212	5
294310	563522	5
371563	547746	5
373894	555347	5
407040	577739	5
337298	565486	5
357813	572855	5
304157	566007	5
335918	566525	5
330127	570072	5
339212	538693	5
357275	551101	5
334785	565575	5
326152	563230	5
345903	561314	5
238748	551038	4
331175	551842	5
352520	566829	5
341675	560197	5
354746	552404	5
412500	594675	5
277027	536847	5
322209	547247	5
375619	553791	5
288068	561932	5
344770	570309	5
284031	566654	5
324442	567881	5
356246	549756	5
404420	577532	5
336829	562228	5
293591	522132	5
342963	582232	5
338860	561151	5
324055	590810	5
328331	541094	5
357737	597104	5
392534	593343	5
298665	568245	5
343376	575709	5
338863	563107	5
361370	552483	5
338935	567577	5
350117	535859	5
371000	555062	5
368617	554066	5
331795	529654	5
344237	573700	5
280110	522025	5
328657	564864	5
452457	597461	5
333669	542228	5
320628	564596	5
316642	553340	5
340712	563178	5
349955	535578	5
261538	525920	5
411008	607342	5
317136	563479	5
297022	574097	5
319927	524637	5
359772	568428	5
344791	578536	5
324093	580491	5
373907	558472	5
321905	573147	5
341721	576427	5
386373	606623	5
338588	543875	5
341578	558672	5
371616	570648	5
331987	568997	5
341329	565571	5
334350	556417	5
330482	571217	5
338950	572545	5
289087	565427	5
343997	585193	5
225786	529417	4
365567	547606	5
320827	519618	5
286990	529505	5
321517	569562	5
388806	569524	5
411796	581307	5
331440	551885	5
325958	573367	5
348171	569251	5
344239	530765	5
419151	577335	5
321309	569996	5
386377	574187	5
342099	561508	5
366688	562413	5
321657	538660	5
403004	613466	5
363304	553764	5
384922	582877	5
304556	568584	5
336787	538925	5
327998	571265	5
303269	531608	5
313649	523765	5
337889	558031	5
360165	553303	5
340032	561740	5
338634	564414	5
351459	565704	5
412767	593558	5
283474	532727	5
336928	557412	5
366478	594677	5
343450	570659	5
331616	565089	5
354529	573677	5
276703	559740	5
282066	560178	5
331366	567311	5
321910	573825	5
290107	571927	5
281979	518199	5
374695	563163	5
340191	567638	5
338583	563529	5
358312	559466	5
338474	564151	5
338205	566246	5
342901	582886	5
265815	540385	5
304086	576100	5
347966	563506	5
346144	560472	5
352381	592377	5
318681	528806	5
369366	561201	5
310041	533285	5
344314	595915	5
363956	609339	5
328586	551385	5
330767	552963	5
312558	520650	5
315850	573154	5
379388	567285	5
329905	579935	5
352209	548608	5
357679	548036	5
339288	588052	5
330335	568221	5
341559	562163	5
341925	569393	5
327695	543105	5
335999	549795	5
302359	534317	5
332586	566187	5
330750	561657	5
400380	588221	5
337910	562252	5
336549	565597	5
343717	559909	5
332116	594868	5
358384	556361	5
415881	584352	5
345164	579614	5
316395	537403	5
340970	564831	5
340383	600071	5
326627	534442	5
356865	545785	5
306298	551902	5
347575	565576	5
302583	571881	5
352424	557574	5
279008	521035	5
335029	553213	5
338753	563384	5
324032	577807	5
327973	534972	5
321924	527106	5
345495	579864	5
385091	599401	5
361138	551307	5
332884	533990	5
269126	508814	5
350056	566657	5
374117	546122	5
350283	559840	5
335525	567445	5
350798	535657	5
289002	520678	5
324516	522674	5
364844	571623	5
351815	574947	5
275524	559548	5
348773	583528	5
308966	523409	5
316313	570785	5
341966	561987	5
341446	538787	5
318823	565345	5
347522	587567	5
293746	544468	5
334983	572690	5
325125	564342	5
330145	546705	5
336336	563145	5
302353	545544	5
321216	569834	5
285152	520229	5
335027	565050	5
332270	556288	5
341016	545280	5
339640	561426	5
338633	563504	5
324952	565867	5
353583	554147	5
385183	556284	5
292636	520371	5
289176	571435	5
310944	559497	5
336974	563207	5
337173	557853	5
396903	591235	5
324440	567074	5
333378	557892	5
300366	565761	5
344437	529492	5
325871	558965	5
367641	556309	5
344552	554676	5
297212	546223	5
355924	577596	5
331340	524203	5
292932	558293	5
306346	523584	5
341966	586266	5
282430	560217	5
326251	549298	5
335201	585318	5
351564	573155	5
322365	530808	5
405542	600089	5
296763	528676	5
221233	538472	4
338084	560295	5
345674	579033	5
325883	560492	5
345123	577788	5
329859	564384	5
353939	570931	5
409616	575024	5
365058	545456	5
404782	557913	5
368724	598412	5
344096	575522	5
182618	346663	8
171461	348130	8
186536	330019	8
177241	292639	8
248683	383412	8
174057	358906	8
215243	289985	8
170688	343596	8
144502	345417	8
165689	356983	8
168443	367928	8
165158	343946	8
159711	352701	8
175781	341039	8
233480	289069	8
189029	366740	8
168573	350387	8
170271	306395	8
192775	350028	8
152054	345632	8
139299	314046	8
202053	322650	8
134695	350397	8
159654	381778	8
188093	324040	8
183236	338163	8
156984	430950	8
182751	435819	8
198908	372797	8
198517	325721	8
161345	350804	8
210497	359835	8
141993	331189	8
170788	373545	8
166449	363036	8
155479	345893	8
186380	363938	8
129332	360811	8
224225	376975	8
165945	345849	8
223550	323197	8
122755	434879	8
166584	349245	8
179472	342273	8
148749	359845	8
177505	332053	8
160222	380591	8
178869	370161	8
170002	370000	8
164354	347671	8
169966	368623	8
145867	363616	8
181561	358111	8
164915	350360	8
166973	341636	8
153181	277968	8
155505	355581	8
160835	347784	8
211265	396792	8
203254	362605	8
137967	354539	8
174064	357989	8
179609	408365	8
176506	351827	8
172879	347028	8
180506	330980	8
185966	359964	8
146070	316860	8
152957	321354	8
163190	331719	8
186914	361706	8
159191	309314	8
170425	316185	8
162040	316797	8
195000	354829	8
126702	351222	8
213064	290947	8
140612	350010	8
172885	352621	8
170155	343568	8
186806	334070	8
146072	288800	8
169293	348686	8
169502	411323	8
152861	407965	8
156041	295117	8
117585	391892	8
163981	344090	8
158664	310765	8
141113	351050	8
163796	345091	8
160369	353500	8
235671	300234	8
140876	334435	8
108232	373112	8
192460	388323	8
133744	308918	8
216209	437830	8
156945	339397	8
199859	316334	8
159496	331641	8
167845	341409	8
182435	365508	8
133795	360518	8
169628	365003	8
167262	399527	8
177728	352687	8
130683	363204	8
198197	344933	8
197735	355477	8
172020	342883	8
185561	342784	8
202011	337353	8
157394	346500	8
182050	424341	8
129664	341196	8
173188	355248	8
182499	310438	8
170384	339979	8
182093	321311	8
185696	338006	8
102221	374657	8
165881	364469	8
164875	349007	8
159120	340829	8
168274	374689	8
178495	373915	8
179811	342089	8
162606	363185	8
173908	362098	8
133580	348602	8
190634	357254	8
186503	369651	8
127134	379827	8
169145	355279	8
140121	346875	8
141860	324304	8
200251	306215	8
174373	363552	8
170022	347877	8
165657	338722	8
186361	351075	8
213022	338238	8
155228	357729	8
171614	435530	8
175586	365049	8
187858	381077	8
171074	293610	8
153738	360530	8
199043	270173	8
165886	348709	8
159428	300364	8
197463	378513	8
161273	347538	8
186082	330058	8
143732	279724	8
142899	329415	8
156977	424622	8
174878	362329	8
148915	338914	8
187324	377187	8
175766	380534	8
185071	362905	8
158550	354818	8
174672	345849	8
169880	343122	8
109090	326101	8
187854	354777	8
153903	353738	8
190241	329582	8
102983	382712	8
143117	345163	8
188985	367645	8
174834	411644	8
144228	344974	8
146821	297434	8
171848	343242	8
94382	320888	8
154412	310120	8
176490	344679	8
170616	352610	8
81648	360080	8
153607	379395	8
183970	355973	8
105444	361358	8
158571	361986	8
177579	319865	8
198892	322470	8
216975	296647	8
166654	350678	8
189102	333074	8
198712	303299	8
137098	384889	8
144306	328086	8
142455	343512	8
178319	318244	8
168886	353913	8
174656	393278	8
130805	354417	8
176433	350561	8
142252	329183	8
165476	377389	8
210102	333312	8
129453	321221	8
144705	375936	8
206687	342276	8
153583	352282	8
189499	356601	8
159392	351000	8
181463	326571	8
162975	335389	8
157691	334886	8
154167	353183	8
165607	362883	8
182239	333302	8
176982	354631	8
183516	374212	8
191099	341570	8
184570	360446	8
207804	354938	8
198493	326704	8
149269	341445	8
184798	392233	8
174438	319075	8
107124	325984	8
76052	360840	8
159302	337993	8
140101	341028	8
168149	345638	8
150009	371014	8
157193	350343	8
111476	358647	8
151164	332239	8
171318	373473	8
175169	349454	8
162600	392531	8
168067	340249	8
170102	323164	8
124132	340448	8
149863	284721	8
168079	347343	8
128953	304971	8
169228	364545	8
198415	321418	8
183610	321788	8
220869	407358	8
159472	372246	8
170837	353968	8
165653	317602	8
135537	356169	8
166973	334724	8
158750	312102	8
161448	373412	8
158713	379013	8
180493	319750	8
125715	302114	8
194033	340466	8
158871	312380	8
161387	343617	8
169121	347594	8
167653	352074	8
125902	318850	8
217686	296514	8
171986	429306	8
211360	279794	8
157181	346842	8
188909	341194	8
140128	325904	8
117874	389929	8
162921	317643	8
173978	346514	8
98533	355691	8
194956	372256	8
164847	287064	8
174410	372064	8
149092	352682	8
166323	352927	8
178515	370287	8
169337	348605	8
122986	334382	8
145282	391482	8
185919	363092	8
180519	368284	8
181227	347052	8
168284	309036	8
198251	335402	8
160922	347681	8
141861	328909	8
147911	328024	8
178264	330827	8
178235	346006	8
195151	317753	8
122360	357480	8
167330	332452	8
115363	305575	8
185661	404482	8
177858	352255	8
113068	317574	8
125675	360158	8
172842	351663	8
124724	459999	4
169069	348929	8
185253	344152	8
155625	262321	8
158201	315944	8
171277	361020	8
209553	326461	8
160165	362858	8
190725	336160	8
169994	409806	8
179463	361279	8
172662	388185	8
165284	425978	8
160206	303063	8
155690	368375	8
124516	325289	8
179326	321160	8
165573	305517	8
155508	372355	8
166799	318482	8
161780	324523	8
168805	351913	8
206519	355629	8
163091	350167	8
176144	353300	8
179483	359645	8
213951	352868	8
164046	346109	8
169569	346955	8
225356	318394	8
214966	358837	8
159253	343477	8
219779	330969	8
169876	340860	8
669118	354195	10
613682	399434	10
617399	392653	10
629247	364078	10
641070	424917	10
609532	388425	10
629369	398359	10
605911	379990	10
622550	391601	10
607905	403460	10
679465	399014	10
608711	373665	10
623498	399288	10
601212	370698	10
574989	407228	10
563517	391159	10
687717	379483	10
616040	330855	10
653024	367312	10
607440	403119	10
620240	397022	10
599215	391457	10
587478	424878	10
613921	394043	10
624328	392133	10
635887	384511	10
559877	401053	10
617755	401065	10
693265	388552	10
559933	403956	10
655859	416496	10
625919	402984	10
595215	391491	10
617493	379303	10
598657	442558	10
601644	436831	10
617118	374098	10
591051	389443	10
617296	386864	10
616468	394118	10
630384	376295	10
558770	390646	10
637332	414017	10
556780	409205	10
577473	384210	10
650054	432740	10
595063	328609	10
714443	433876	10
603566	410391	10
562356	383175	10
546166	423311	10
626539	394908	10
663820	416308	10
710910	464586	10
624310	398408	10
632546	389750	10
667249	417107	10
608309	377530	10
611357	393577	10
658219	436184	10
615032	402225	10
628131	406850	10
632390	363198	10
575116	345564	10
625784	441883	10
618893	419740	10
579564	428498	10
686324	364237	10
586242	396484	10
623248	399928	10
609219	362804	10
537211	376777	10
605310	394011	10
634973	450542	10
595411	413706	10
613037	419086	10
617444	397675	10
633304	366062	10
592620	446156	10
631633	337973	10
619637	395224	10
620330	398630	10
621964	409409	10
618446	372298	10
629789	426313	10
608687	374928	10
680646	375662	10
591831	438997	10
550086	442382	10
620330	396776	10
551236	401856	10
617178	414525	10
584938	344365	10
622636	456843	10
649987	408293	10
613719	382828	10
576987	392508	10
599766	409755	10
584077	398498	10
695514	321521	11
561388	355834	10
691600	397893	10
610676	449688	10
600114	413216	10
626811	372435	10
636291	360636	10
570384	393553	10
626700	401688	10
624106	398619	10
523329	404632	10
611954	360938	10
613536	395801	10
576488	397913	10
652745	406585	10
603193	371867	10
610026	444858	10
629725	405117	10
648429	422590	10
562772	382904	10
638823	411764	10
617764	397102	10
579922	379009	10
610698	396326	10
642607	374702	10
621629	397208	10
659321	404555	10
576235	462612	10
598628	425191	10
623502	420376	10
665965	449273	10
608923	385575	10
611579	407670	10
617573	386848	10
589862	418742	10
653325	396810	10
605073	372055	10
623137	408209	10
499262	398424	9
619339	401624	10
619295	397643	10
578878	420108	10
533577	355107	10
615934	426539	10
690195	475150	10
673514	390760	10
657120	386782	10
549945	372313	10
675858	410545	10
626586	415166	10
618449	404599	10
638783	399478	10
578113	395458	10
622557	361134	10
635324	420555	10
666135	430421	10
689725	465685	10
593601	445149	10
615094	383077	10
624599	417673	10
573969	434110	10
642881	403147	10
634383	422065	10
582389	428200	10
617330	369828	10
621989	394856	10
651828	468138	10
612936	398723	10
613351	407952	10
562777	437516	10
533212	366954	10
618113	400002	10
609344	448128	10
615342	413931	10
623989	368662	10
620187	400168	10
687638	439257	10
573925	449341	10
547270	403384	10
619318	361696	10
588432	446279	10
592924	393730	10
615325	383841	10
611875	422910	10
681941	370225	10
620818	396967	10
662154	385013	10
554938	347875	10
628655	321099	10
619628	399433	10
660333	393215	10
618391	348381	10
565829	395454	10
617689	397001	10
604554	393193	10
572417	403906	10
659193	384523	10
632060	367800	10
633894	404424	10
620610	395343	10
615175	397627	10
624293	333944	10
593689	316888	10
617319	374666	10
572244	349463	10
619239	400025	10
621622	390298	10
622101	371771	10
630205	338054	10
654147	407182	10
637594	420311	10
629004	392271	10
585207	336451	10
618349	397614	10
650157	402991	10
638966	486628	10
655201	411873	10
602335	433298	10
630706	388370	10
617428	397343	10
621537	390372	10
631365	450732	10
618406	404239	10
601390	453925	10
603945	361794	10
619427	396945	10
660103	414557	10
700340	335010	11
608182	416637	10
661166	404325	10
620939	385731	10
626371	349696	10
614683	367259	10
619332	401992	10
587453	401098	10
652349	321291	10
617954	395504	10
636807	424537	10
533889	333741	10
623386	387031	10
632952	385722	10
695010	449565	10
626843	367696	10
488205	420586	9
611547	411952	10
621241	368090	10
581240	362971	10
608747	363132	10
662177	420431	10
615665	405490	10
617447	366176	10
560393	389490	10
685785	409913	10
623433	400160	10
609091	437020	10
624343	403629	10
668879	388617	10
567105	437623	10
657450	365008	10
591955	378142	10
588952	437524	10
607665	447516	10
608601	418450	10
662830	420955	10
605891	428146	10
615239	317684	10
588933	366439	10
618053	357534	10
577773	434308	10
606558	458285	10
620955	389692	10
738190	371970	11
634661	446187	10
571692	449353	10
605650	447537	10
639502	371440	10
684568	380640	10
658735	399039	10
618157	384990	10
618869	398187	10
603388	403039	10
585255	415823	10
639507	438534	10
594112	399331	10
619475	400592	10
571570	375257	10
659297	373975	10
603285	449307	10
610199	394579	10
590500	418472	10
630904	404643	10
591725	406549	10
621560	397789	10
563182	367521	10
593879	444161	10
616054	371666	10
627679	395601	10
608195	447380	10
616737	397973	10
650120	324477	10
616926	398697	10
650859	460072	10
642157	345545	10
601369	411415	10
604703	392288	10
721905	378957	11
619415	397644	10
571043	347389	10
659191	459637	10
629978	400626	10
688487	383589	10
598053	438963	10
635242	356290	10
605899	412428	10
656642	407213	10
619924	406713	10
630067	372798	10
600007	377908	10
589164	386733	10
630491	379017	10
618676	377015	10
639613	388524	10
669409	415893	10
681608	436537	10
649968	371445	10
629000	417990	10
658884	390135	10
605407	427914	10
629891	414975	10
621778	364695	10
610722	418243	10
601599	388540	10
615649	429323	10
627206	402647	10
643965	366316	10
614877	402442	10
606486	420054	10
668482	358452	10
628715	434772	10
196462	887983	0
335970	846828	0
272394	837600	0
211165	825505	0
226433	837646	0
219686	859997	0
242087	844255	0
213558	873714	0
245144	845719	0
247997	878582	0
283576	809069	0
224676	859348	0
298214	820903	0
245468	859425	0
222704	824909	0
250921	819639	0
249209	801933	0
230591	874855	0
234091	876039	0
286769	862152	0
224789	866804	0
245023	849247	0
263626	851699	0
250198	825417	0
231263	863308	0
307605	840195	0
276635	875623	0
230399	842538	0
274070	798617	0
247939	831010	0
209922	850026	0
300726	862728	0
222727	770963	0
239505	885057	0
291561	845450	0
221122	832810	0
194258	914691	0
228928	855040	0
264627	808661	0
225916	843329	0
240221	843932	0
276600	823311	0
204854	810013	0
278326	829095	0
246047	846189	0
251032	876118	0
285258	848668	0
260943	889692	0
245928	867228	0
221002	870506	0
292872	896822	0
261896	897475	0
269723	849664	0
243941	843256	0
249370	872804	0
237120	856814	0
257472	849587	0
253703	834676	0
238080	830689	0
225991	869734	0
231781	799444	0
296892	901182	0
234604	822462	0
241473	860854	0
219864	842635	0
235901	856563	0
207217	878249	0
256949	820470	0
204597	863162	0
325275	866433	0
239344	814789	0
187894	871219	0
259973	862559	0
189752	865463	0
245707	844466	0
188480	870646	0
305915	854818	0
242443	851797	0
227138	824372	0
229970	878786	0
281971	825246	0
241166	845204	0
225846	874086	0
284077	905181	0
258975	837353	0
241972	840749	0
245602	857160	0
227363	836593	0
257926	936947	0
237689	839510	0
267799	847911	0
207552	772091	0
201567	881003	0
265125	820661	0
273165	852766	0
290210	818593	0
256487	868899	0
271395	862063	0
251958	886571	0
249253	856047	0
268289	878265	0
295375	861990	0
256316	818886	0
246470	842932	0
314666	849163	0
298979	774144	0
192885	887667	0
227819	900986	0
250003	859517	0
249857	844975	0
218369	851387	0
252586	806474	0
283017	850861	0
228095	843338	0
266980	825990	0
241381	844402	0
294053	878220	0
253339	750941	0
241413	845029	0
294326	807584	0
257856	846423	0
248210	886338	0
216846	737568	0
244743	830888	0
277055	860813	0
279923	805957	0
235041	823732	0
238524	842928	0
246453	883061	0
260590	827955	0
274554	845338	0
245254	907991	0
299821	866288	0
261120	804153	0
246729	879602	0
240308	844341	0
220620	819091	0
268926	813783	0
234219	845270	0
188424	849785	0
240171	843940	0
163766	859386	0
191257	802651	0
224852	934148	0
261093	844962	0
228711	848090	0
183478	851724	0
201080	823689	0
118590	857150	0
264798	767716	0
313609	860065	0
232246	844226	0
237757	834092	0
222682	806314	0
243331	844022	0
197362	870337	0
229857	843917	0
244257	776516	0
224083	852922	0
309399	838744	0
271205	817620	0
242247	864253	0
235337	831592	0
232357	810798	0
252199	828023	0
267049	950249	0
245678	821691	0
241138	844374	0
246182	840370	0
264175	824349	0
266977	887963	0
274685	883097	0
244260	847060	0
256073	917590	0
258416	835432	0
241687	844256	0
282603	846165	0
228032	893055	0
226949	889283	0
264274	813041	0
139601	914203	0
229131	842806	0
236274	861302	0
261819	863523	0
200005	825237	0
310591	841778	0
244049	817710	0
235022	911236	0
256512	837094	0
236495	861569	0
256889	880721	0
258528	856273	0
233284	860085	0
257480	849037	0
269354	811847	0
222445	891438	0
222356	840843	0
236207	886769	0
174371	864697	0
159683	838958	0
237750	837381	0
241545	838673	0
256082	831969	0
246468	838071	0
205919	844377	0
266111	813259	0
244246	847589	0
244899	812192	0
219316	898830	0
251866	864044	0
238308	790723	0
209264	836661	0
242519	845811	0
351883	890475	0
278929	842054	0
244027	850132	0
248570	843156	0
224681	858432	0
210276	824826	0
220884	916718	0
240846	841609	0
257093	801567	0
236749	813868	0
332237	911313	0
288954	846991	0
238084	844799	0
236431	844100	0
299772	828655	0
241633	846949	0
230107	858332	0
256216	903741	0
258135	880184	0
232331	872896	0
183583	787453	0
264293	890923	0
213208	833959	0
224288	931476	0
261622	869706	0
297183	841456	0
241849	815141	0
308616	811021	0
220931	876605	0
289719	866638	0
233931	838374	0
224694	848663	0
240645	855514	0
229567	855332	0
247613	815836	0
239387	847822	0
257788	880587	0
245532	846331	0
224241	828996	0
227582	856861	0
244618	845420	0
213775	841758	0
243511	830743	0
244799	841688	0
216061	848623	0
294492	832336	0
248931	844960	0
267478	894783	0
228715	837572	0
269483	848608	0
248276	844455	0
236987	881080	0
223732	826580	0
230149	886583	0
265299	859533	0
181803	799487	0
247210	859012	0
261633	773355	0
262370	891499	0
250394	847577	0
222019	839774	0
238328	770068	0
208941	860169	0
238714	858826	0
241005	825301	0
270742	847836	0
238492	833394	0
312726	853829	0
286663	846902	0
261796	819395	0
253890	807676	0
242415	844335	0
134134	842630	0
163956	833732	0
250359	849451	0
295357	842293	0
218942	848326	0
205466	778884	0
253899	862843	0
244966	841126	0
208494	850615	0
221126	837878	0
271093	861412	0
216543	842952	0
255185	825960	0
251070	877802	0
264565	859237	0
228611	836717	0
228517	837056	0
198583	860431	0
215976	836025	0
254411	848090	0
168036	807011	0
292194	906490	0
243951	865415	0
260922	785987	0
245740	814541	0
317675	838127	0
274505	864723	0
230049	865536	0
235084	818866	0
172690	847721	0
221706	875060	0
236740	853169	0
298800	824277	0
265246	889333	0
219498	851932	0
247484	846372	0
288675	919879	0
229280	813483	0
282622	879222	0
307300	836132	0
238260	882489	0
219049	825171	0
219321	848396	0
240028	849354	0
212009	864463	0
246857	852483	0
245118	811283	0
247855	794626	0
253655	821946	0
241475	850889	0
210162	860529	0
204922	854068	0
225567	853078	0
245258	799882	0
257134	845851	0
187314	815820	0
294275	174786	12
329428	66056	12
325938	164475	12
253129	154296	12
319838	170383	12
240213	118409	12
283784	178305	12
376613	159699	12
338717	181582	12
304283	183656	12
314519	146787	12
270899	175377	12
291228	101272	12
291170	110147	12
321522	163852	12
202627	179376	12
307913	91419	12
311093	169734	12
321775	164846	12
294832	124284	12
295537	91032	12
383044	180418	12
338570	192256	12
337894	175289	12
359796	165920	12
316263	163806	12
320972	170417	12
277860	111893	12
367806	123963	12
359352	162962	12
350964	149159	12
332201	181702	12
287966	150135	12
346942	152780	12
232784	169847	12
292492	99170	12
334529	166765	12
363208	238649	12
196795	190277	12
353333	113156	12
373191	88470	12
333789	151168	12
339732	163158	12
321822	187102	12
276792	141848	12
308044	164482	12
311328	159477	12
383052	89061	12
316820	150304	12
314479	178821	12
310824	144943	12
333143	200298	12
300672	175844	12
339482	151261	12
319208	164182	12
321645	164662	12
308763	166511	12
308066	145825	12
360143	155270	12
348893	195430	12
319283	158983	12
332284	194186	12
292402	184441	12
361227	221878	12
313573	109221	12
310693	154278	12
344482	215846	12
358652	186358	12
330533	214555	12
320400	160020	12
267662	127175	12
396583	82842	12
292193	125417	12
324121	96346	12
321344	166633	12
234837	151054	12
368060	76739	12
347050	150472	12
245783	109229	12
400550	144359	12
343217	153037	12
315488	160339	12
347406	155708	12
336845	172750	12
357014	148222	12
331862	169092	12
322140	165212	12
363075	162238	12
318738	182134	12
346717	178180	12
311819	140674	12
332032	157725	12
301983	173386	12
321556	163352	12
315830	102777	12
312275	145173	12
325861	203058	12
360703	150999	12
345976	148333	12
320210	191459	12
318665	158107	12
425563	163524	13
264427	188193	12
348177	179526	12
265430	151883	12
320718	158610	12
380609	185976	12
345234	188822	12
362027	150348	12
300294	178772	12
315963	174031	12
333787	189423	12
337343	156614	12
334812	137431	12
347492	153416	12
324518	167369	12
353991	193997	12
274321	219665	12
335476	183897	12
300021	159185	12
384591	137729	12
320000	162605	12
268938	211870	12
366146	196571	12
356280	185198	12
325767	164095	12
350480	214608	12
314791	163370	12
302582	134124	12
328851	147002	12
347039	195468	12
289531	145743	12
343018	239960	12
271123	163465	12
326959	154655	12
332307	189590	12
310529	141617	12
380281	205779	12
411606	137378	12
348191	165419	12
305292	175260	12
256120	141529	12
390934	170420	12
358562	112650	12
355499	224982	12
363437	77975	12
232043	177614	12
246753	175170	12
327204	152871	12
371685	151612	12
291723	177824	12
324488	180658	12
340048	131847	12
295311	115000	12
239495	163949	12
267521	119941	12
401396	125431	12
260930	184935	12
336085	170252	12
291782	159562	12
307616	207295	12
352910	145624	12
294653	104623	12
372883	222824	12
318707	160697	12
281548	175184	12
307747	128551	12
336991	217448	12
270233	195701	12
433100	134861	13
311433	134432	12
375353	117180	12
315146	160782	12
311163	166821	12
305333	171939	12
332470	161202	12
302266	185591	12
370775	144355	12
314552	151035	12
343145	172236	12
331212	162496	12
299460	144708	12
383894	179880	12
345703	149860	12
331381	162660	12
344364	213940	12
378347	144880	12
322789	137560	12
328425	159826	12
341137	78287	12
317771	154916	12
336266	148507	12
342066	119083	12
297177	88467	12
280519	165350	12
305901	166656	12
284757	175853	12
281732	221764	12
321262	178491	12
344710	213543	12
311408	168232	12
356500	188114	12
304376	222294	12
278116	185472	12
247892	115217	12
306326	164202	12
311516	94189	12
323747	163351	12
321778	158339	12
309501	166931	12
333942	143344	12
339393	209145	12
340996	170964	12
315333	144566	12
332853	168141	12
290958	168323	12
297731	175876	12
280274	182662	12
306540	193434	12
319155	159850	12
355168	114823	12
270201	236813	12
347630	120931	12
446538	180119	13
371052	147369	12
403365	215735	12
258201	153095	12
335121	214149	12
283786	133973	12
353951	133923	12
345069	165968	12
367079	183232	12
363932	228249	12
354132	161850	12
390538	157197	12
333805	148479	12
325344	159885	12
323905	168029	12
274495	182470	12
309684	150076	12
381617	157000	12
322841	169735	12
359520	132845	12
249616	144446	12
321620	169950	12
415495	116126	12
335742	196692	12
271424	251323	12
340066	152500	12
327734	163585	12
346079	220993	12
276741	143844	12
377042	182019	12
400055	131725	12
332246	172932	12
310386	171068	12
327569	158418	12
324444	166910	12
317217	163896	12
270404	183080	12
277512	151920	12
324966	170021	12
306421	145493	12
382419	110392	12
318266	171979	12
321245	141627	12
318192	170844	12
320821	165455	12
329029	204399	12
311065	219934	12
287127	192494	12
283571	109326	12
308748	199866	12
369490	164369	12
270729	67329	12
279010	181792	12
282957	179982	12
308489	145929	12
327927	168535	12
327022	161396	12
376557	109320	12
248427	146381	12
321182	150806	12
312337	154488	12
268518	181514	12
285865	167818	12
279251	184486	12
306042	66361	12
318215	180010	12
293978	197091	12
338044	233264	12
293864	241877	12
344380	183817	12
316257	171544	12
248779	111087	12
313783	177198	12
415534	110526	12
296164	96874	12
315670	160928	12
339137	160334	12
290700	196285	12
307107	174760	12
325279	168587	12
328423	161604	12
333883	276840	12
308555	134011	12
322101	164171	12
306357	123397	12
292931	125341	12
284378	223470	12
335003	151395	12
267212	158699	12
343851	193618	12
296627	93375	12
334980	143900	12
335235	180161	12
360945	167952	12
257841	193878	12
275288	212315	12
331798	143962	12
333937	51121	12
328775	156501	12
319829	168353	12
293201	192871	12
327608	177638	12
332562	174699	12
348815	150017	12
312227	159417	12
324337	162686	12
323329	93955	12
291973	127483	12
258779	106777	12
325360	134919	12
267264	153034	12
312421	170617	12
293350	175997	12
275459	190178	12
244344	185382	12
252845	181181	12
357923	192120	12
382720	263255	12
326040	156509	12
165104	543395	4
139903	592241	4
132705	557674	4
114311	601605	4
102460	533057	4
185935	554627	4
123441	594415	4
97216	564094	4
110948	539533	4
101553	517715	4
133023	574572	4
144570	573936	4
136531	557658	4
173576	507309	4
179189	536028	4
141238	557986	4
156430	615117	4
69169	631490	4
31842	565765	4
144620	575370	4
155899	561715	4
137451	555339	4
68388	574380	4
166290	521714	4
210499	526471	4
148319	584541	4
135336	552552	4
136606	562296	4
136301	569544	4
119386	620549	4
139212	557713	4
84501	604671	4
176602	574552	4
105945	528795	4
140989	537156	4
138449	555969	4
128669	574591	4
95749	602775	4
139460	557260	4
130440	562623	4
147885	527813	4
58190	608304	4
151701	574146	4
148385	538149	4
142668	544976	4
145251	553486	4
142265	546135	4
202913	525966	4
192564	547558	4
179240	577011	4
182840	584262	4
144242	557674	4
135849	550612	4
101427	615890	4
143265	548387	4
112379	547679	4
137347	622867	4
139146	569516	4
125756	579609	4
77109	512651	4
138073	556272	4
202547	601240	4
19835	570290	4
118137	579149	4
201324	574588	4
113259	568684	4
139052	610320	4
177246	571940	4
107972	601191	4
138199	541774	4
220156	589643	4
137787	566189	4
138122	557230	4
93136	613387	4
154620	576738	4
131523	568207	4
136967	565662	4
142886	556511	4
125005	540340	4
138965	558201	4
139474	569485	4
171471	576787	4
157138	565993	4
198294	552987	4
136078	547418	4
140164	531093	4
156003	502860	4
67867	545392	4
133780	533275	4
116142	550919	4
148510	579793	4
179224	584189	4
149906	546909	4
29760	557873	4
115287	602637	4
206561	574789	4
108651	521409	4
115905	560139	4
127373	549518	4
141699	530028	4
141641	557376	4
111855	531542	4
136580	553967	4
137516	556818	4
179793	483378	4
105568	584102	4
125840	520239	4
117212	565692	4
140717	554093	4
139033	593287	4
172882	571145	4
104862	608089	4
158366	537970	4
138525	534268	4
69565	599820	4
94571	528963	4
153185	562792	4
147599	513563	4
223226	546198	4
143879	536650	4
151099	518008	4
109317	531425	4
127202	525948	4
137740	618961	4
138734	557713	4
109912	565003	4
158060	525533	4
260096	530550	5
134449	557556	4
121650	599844	4
188992	563992	4
207218	589497	4
179830	547383	4
152331	529689	4
112184	530469	4
166904	503121	4
183026	545377	4
152658	569277	4
172116	513383	4
95899	530846	4
144325	538991	4
166597	572855	4
105193	596017	4
166840	562425	4
117089	561455	4
141718	549576	4
117959	536156	4
125351	529954	4
140706	547367	4
138012	558263	4
135284	555664	4
142663	556520	4
112673	516997	4
137657	611252	4
119237	591137	4
186380	487625	4
113099	546732	4
176278	550602	4
158773	588778	4
140962	518168	4
144856	551807	4
155943	576199	4
152584	564548	4
165356	570715	4
127858	609681	4
257984	555707	5
149758	564768	4
129550	560106	4
159271	568953	4
151374	538387	4
129030	588495	4
155430	549012	4
172756	612694	4
93459	514032	4
99569	523174	4
148080	544056	4
169322	577938	4
173847	514665	4
136418	562926	4
140047	540043	4
74519	527539	4
146681	562995	4
110877	562558	4
95071	503965	4
136232	576477	4
146120	576624	4
259173	548593	5
107965	535173	4
103153	601002	4
158283	570550	4
206219	604081	4
116492	509399	4
97430	598804	4
193275	538687	4
116860	550810	4
179834	541387	4
143226	522375	4
111174	539350	4
94933	588147	4
139434	557410	4
131532	536658	4
38179	532155	4
113321	606322	4
123905	508486	4
201753	569116	4
206660	575002	4
138884	529162	4
139636	565984	4
110479	594587	4
76253	529394	4
160280	493497	4
161475	587507	4
149054	556986	4
223408	520131	4
158596	562634	4
141991	539522	4
137172	523482	4
161154	538355	4
130157	581286	4
142000	554964	4
86243	559135	4
130883	557824	4
127964	538935	4
122130	568886	4
210597	589836	4
139847	552015	4
147664	559632	4
167716	562762	4
130657	555545	4
165382	518876	4
221994	575146	4
87236	607429	4
154268	542573	4
197367	535989	4
133094	557996	4
155274	552551	4
139911	561185	4
146924	565933	4
146183	622188	4
176092	531921	4
184402	546549	4
139641	557503	4
170816	547069	4
156474	570384	4
146678	558942	4
136569	532130	4
162124	500069	4
127503	623654	4
182854	534283	4
141222	572556	4
177665	557923	4
201907	516078	4
130249	579307	4
166560	559687	4
138220	560056	4
134725	537440	4
127940	590467	4
143592	606949	4
64979	538104	4
94061	576129	4
79285	554817	4
103192	550021	4
198823	538624	4
145758	562414	4
211584	591058	4
139451	549580	4
220224	592068	4
150404	539885	4
142767	538646	4
143912	595772	4
184412	537050	4
55359	623076	4
137197	556522	4
138461	558771	4
80673	566893	4
203667	577260	4
94249	600812	4
145244	561042	4
94458	533883	4
130201	562734	4
98675	580608	4
134422	544300	4
141771	551655	4
141924	558399	4
137316	562151	4
143363	551365	4
197849	575524	4
134261	519275	4
129997	568115	4
170494	560892	4
164453	544085	4
128788	546091	4
88703	577217	4
131109	568012	4
95074	570002	4
232047	522748	4
125548	552424	4
142563	560090	4
118391	553625	4
132497	593125	4
162713	586568	4
122296	566921	4
56907	586609	4
48143	523870	4
104489	542515	4
130582	565948	4
180633	570302	4
241485	523039	5
178005	594957	4
211266	534538	4
137680	555667	4
144401	565666	4
101722	535117	4
115781	594942	4
107160	530936	4
139978	587153	4
179931	536588	4
105353	589239	4
119496	543146	4
142575	517378	4
76661	531044	4
137699	556769	4
154964	554923	4
142516	559062	4
98525	579761	4
163925	576666	4
153326	558408	4
262846	559590	5
102898	592834	4
138349	554238	4
193502	557364	4
202175	495076	4
154162	536416	4
77875	516899	4
163477	561507	4
131874	552586	4
120357	560737	4
119535	551857	4
114108	540537	4
136059	558213	4
121786	564225	4
233105	591646	4
149760	577278	4
139237	548782	4
34795	606311	4
147663	555514	4
108512	525986	4
509279	180548	13
495165	163113	13
474652	193224	13
507786	199578	13
566666	195255	13
506012	178372	13
541435	206637	13
507311	177795	13
461701	188438	13
506069	169723	13
477155	161019	13
505044	180646	13
467697	168082	13
511868	170991	13
500225	177559	13
460616	174810	13
573755	218049	13
543616	144788	13
509804	175714	13
542311	161882	13
475944	189337	13
517750	199025	13
520952	169184	13
559076	190770	13
416763	96639	12
549384	208450	13
549147	171454	13
520880	200955	13
484348	202813	13
487472	166999	13
504728	174541	13
465734	114090	13
570266	188032	13
505584	176135	13
514739	189624	13
500589	181466	13
504096	192493	13
553118	165472	13
502511	205121	13
551798	221411	13
502737	174437	13
513181	177419	13
513010	141058	13
535564	177248	13
514551	176526	13
450030	169537	13
521152	152439	13
505512	203857	13
509928	184873	13
490271	216725	13
529931	180136	13
508228	220433	13
534461	178056	13
508551	174306	13
545365	210090	13
510414	142485	13
507895	177445	13
506288	177990	13
512560	224816	13
454160	102568	13
437116	148591	13
519003	160741	13
509173	178051	13
507674	147431	13
513562	229098	13
473361	185066	13
517580	170329	13
509285	174620	13
510496	174308	13
438860	114065	13
534702	244239	13
504755	150226	13
474135	199330	13
508907	173787	13
509651	149290	13
490956	124550	13
499637	194036	13
515856	148316	13
482568	159010	13
522728	184704	13
493070	189771	13
483807	198925	13
469656	153741	13
470041	102049	13
576965	187481	13
515230	149567	13
469470	189347	13
484678	123623	13
509554	186931	13
480787	147737	13
523036	123677	13
508144	167733	13
515450	173220	13
489378	172861	13
497406	125809	13
514173	139330	13
520809	176718	13
499009	205823	13
509773	148899	13
505117	141877	13
494698	176711	13
501334	163002	13
502500	176532	13
546565	151576	13
520878	209094	13
486891	175164	13
512241	169240	13
569692	182365	13
491382	122267	13
457033	127590	13
535453	200970	13
436641	55171	13
520845	176291	13
496130	178113	13
507473	227670	13
507092	175151	13
493714	173387	13
528826	154067	13
509951	176794	13
505400	160422	13
473316	162622	13
489504	146224	13
516888	152451	13
505128	175022	13
520819	181586	13
506812	167031	13
495032	203929	13
508789	174256	13
502302	210265	13
511106	122518	13
486997	164803	13
535787	199735	13
540364	163758	13
496006	191010	13
497454	172375	13
488330	173837	13
547076	156969	13
509956	141698	13
516084	178725	13
535034	172649	13
529858	213114	13
496384	166644	13
519201	139101	13
575022	213534	13
469404	181944	13
464672	193513	13
491609	180519	13
470314	178936	13
481067	172555	13
508797	176269	13
491145	206344	13
485361	169229	13
474527	107596	13
499643	171625	13
514722	190943	13
474641	81263	13
495995	160032	13
516963	174184	13
521006	163218	13
434581	123267	13
514876	182995	13
501416	172980	13
513991	165072	13
512900	219252	13
510739	121103	13
509522	174376	13
507862	172954	13
512716	181316	13
483423	111797	13
505603	147517	13
482628	171320	13
541790	172616	13
473649	178184	13
520763	250478	13
494000	189403	13
533931	173291	13
485110	150541	13
528679	199079	13
545699	174099	13
517495	186329	13
520461	173217	13
456821	105575	13
495388	156422	13
514934	219169	13
508989	168995	13
500474	169746	13
504511	149234	13
467144	147308	13
512733	174091	13
452791	156805	13
488800	197919	13
593887	210595	13
561725	168220	13
528011	201615	13
514428	222503	13
512051	145220	13
472054	129986	13
507959	166780	13
518068	137556	13
561110	219865	13
563315	215613	13
523779	163905	13
490037	164357	13
519421	154681	13
504373	165819	13
513957	139202	13
486422	178919	13
533351	147778	13
511030	221292	13
496069	102201	13
496491	171534	13
497254	171940	13
518892	165875	13
481083	151953	13
507741	178883	13
486224	196184	13
509039	173839	13
462658	75167	13
519680	208378	13
499676	196897	13
480876	160465	13
521032	177084	13
486034	196122	13
505225	158750	13
485968	123023	13
478442	125560	13
502355	164119	13
502915	183059	13
497211	174121	13
537174	194410	13
505293	194591	13
491442	116195	13
473202	140745	13
505079	219082	13
541455	223176	13
528938	174372	13
528094	178343	13
520759	184923	13
538994	179328	13
507832	181513	13
493897	189627	13
514408	173338	13
514391	156592	13
513362	223841	13
443618	157237	13
477746	163845	13
480571	204150	13
486326	174643	13
505384	174535	13
541220	177840	13
522869	176818	13
497255	188783	13
545240	221008	13
512291	169608	13
576158	210283	13
508099	175066	13
545455	182232	13
537836	177165	13
508597	173640	13
507445	193647	13
524397	239456	13
527753	213985	13
528766	239937	13
481356	162127	13
541498	192746	13
506142	170513	13
494574	198972	13
477901	173288	13
509223	177592	13
532010	176195	13
541006	175198	13
490355	153464	13
566524	179796	13
550216	184337	13
516085	195504	13
523796	219588	13
511118	175212	13
445043	152257	13
497582	190801	13
514622	206979	13
479631	178459	13
496476	140337	13
498389	178069	13
506361	225237	13
519396	177174	13
529409	157228	13
501111	157402	13
514219	167014	13
558307	203307	13
545957	196749	13
508080	175697	13
589900	217899	13
509383	167302	13
474516	189144	13
498730	183037	13
473093	188791	13
471328	176297	13
510901	175806	13
559809	162597	13
499272	168413	13
514981	172608	13
511289	183247	13
455460	153040	13
519962	175210	13
532549	172894	13
516128	178722	13
519113	194925	13
502877	192740	13
520782	134308	13
574369	207483	13
515494	188459	13
486870	146947	13
484395	107291	13
504243	237336	13
483776	213021	13
536623	213083	13
544539	180391	13
502002	166223	13
500801	185558	13
525670	184762	13
481841	209337	13
494317	170837	13
521153	242968	13
473933	191767	13
524502	248106	13
487952	168607	13
460133	173081	13
453261	148432	13
491792	214464	13
497815	165151	13
515348	184750	13
598908	254032	13
558478	213316	13
538228	168834	13
464634	173867	13
518675	175686	13
533566	214619	13
540196	180312	13
500360	213540	13
517882	175467	13
549642	157506	13
511368	173673	13
506815	173387	13
500192	192292	13
533775	163036	13
511484	160453	13
489062	200329	13
537514	179689	13
551867	170425	13
406184	394506	9
417996	408162	9
428667	451233	9
425386	379634	9
388202	405780	9
370955	325071	9
353749	391896	9
398629	401626	9
393402	401018	9
465599	383470	9
400257	404936	9
444610	400247	9
392046	391220	9
410506	395586	9
508805	429073	9
424782	449687	9
384467	407359	9
397399	403186	9
449683	388863	9
387756	435588	9
451753	383440	9
414448	429790	9
394599	409068	9
387330	409037	9
402109	430185	9
393825	453067	9
412111	418466	9
397213	377839	9
361159	436327	9
383075	447616	9
383832	340506	9
402227	414685	9
411957	397796	9
377408	395123	9
417231	381303	9
442915	420573	9
415394	396940	9
420792	430901	9
397791	444527	9
385804	393101	9
384572	388523	9
402069	434868	9
414997	432597	9
392919	405103	9
396150	430329	9
439145	407748	9
401240	354085	9
424228	442208	9
336023	416862	9
351352	362910	9
413549	408517	9
341775	425156	9
424811	413300	9
402677	412615	9
419118	421655	9
354601	358760	9
410682	349328	9
399020	404042	9
392258	405478	9
353941	399967	9
411471	446824	9
397158	370362	9
431117	394746	9
395246	392783	9
400468	405703	9
354094	424230	9
352429	359750	9
358830	431609	9
387039	365758	9
395013	387179	9
400545	404212	9
435067	403802	9
394436	450912	9
376444	371957	9
433463	410297	9
426625	475977	9
424241	452915	9
396520	405610	9
347638	429109	9
374797	407601	9
451670	388347	9
373684	418326	9
412615	403902	9
392428	402295	9
389868	410718	9
383022	409854	9
468350	395883	9
373339	398565	9
383878	376230	9
434815	388041	9
368864	411216	9
321050	422497	9
276794	384458	8
383197	409869	9
381340	409680	9
415521	368125	9
404288	349685	9
367922	415238	9
422056	382193	9
407334	445969	9
373917	427628	9
422261	374345	9
392728	411341	9
336585	420977	9
401730	354294	9
401854	402867	9
401330	395538	9
393903	387227	9
399188	402459	9
389510	370897	9
399858	403574	9
343651	438750	9
388743	388465	9
398246	406245	9
400727	396769	9
399077	403968	9
402071	427626	9
405902	394724	9
383992	398245	9
372230	412488	9
418086	394699	9
400305	466024	9
380458	329635	9
338347	337961	9
411171	426853	9
392447	408539	9
375233	399429	9
385338	440797	9
397764	406712	9
414290	393146	9
394846	407130	9
402252	414628	9
332913	385678	9
396517	394572	9
388479	343648	9
405569	411933	9
444816	409502	9
393659	439272	9
415222	434798	9
396621	381952	9
416893	347737	9
398980	407667	9
404273	429948	9
397851	400846	9
447192	359893	9
350428	392503	9
451853	420873	9
402566	415798	9
362753	369848	9
407188	396576	9
380139	434251	9
409167	449719	9
405470	392374	9
359036	365793	9
398617	402424	9
408714	391412	9
382222	441817	9
403751	385539	9
400548	402390	9
393828	404314	9
373943	376926	9
390182	360941	9
391776	409868	9
342501	336320	9
401923	417123	9
342400	426090	9
405325	407466	9
369480	377148	9
416110	374296	9
401162	412142	9
442931	430123	9
478361	409520	9
401313	405195	9
357466	354094	9
417617	414816	9
417281	410881	9
470047	410943	9
378824	430343	9
369227	397853	9
397918	462032	9
397331	407010	9
427810	400178	9
401708	409924	9
426172	363147	9
401411	414503	9
409823	412908	9
386068	422517	9
398255	405428	9
346358	384801	9
397735	448097	9
348847	425164	9
394761	461494	9
357253	388075	9
402267	410395	9
415233	441297	9
404445	402466	9
408224	399767	9
369044	371649	9
343119	382074	9
416750	435776	9
387103	401925	9
368200	364844	9
393758	439738	9
418623	404382	9
402660	406054	9
427749	457110	9
405356	391545	9
432184	395118	9
322936	368566	9
402710	424367	9
456025	389630	9
395450	407822	9
377941	403683	9
407576	434017	9
348263	386451	9
391966	387214	9
392576	406460	9
380236	460907	9
398153	407081	9
399942	385908	9
398795	472619	9
467535	416014	9
377758	413906	9
398724	404179	9
396710	378698	9
377588	402670	9
408992	462226	9
423371	373970	9
412861	434751	9
403160	392159	9
395168	404189	9
399346	423786	9
409244	460295	9
429515	393708	9
370602	353215	9
356739	417826	9
408147	436628	9
436362	379677	9
399291	386712	9
396081	396707	9
419200	403389	9
383855	390984	9
370252	347498	9
460198	402706	9
418046	358461	9
408500	393942	9
397618	404912	9
392660	395873	9
406739	400918	9
439048	403700	9
392424	375266	9
379128	418858	9
391970	419802	9
389279	424006	9
468907	448885	9
410601	410653	9
396556	406492	9
417795	405673	9
375971	427549	9
414374	439977	9
368363	409733	9
402081	407514	9
399753	404222	9
424840	479570	9
381863	416651	9
394606	401451	9
389520	406500	9
418140	415328	9
387461	394402	9
391384	413273	9
391439	399819	9
365223	422531	9
407189	437102	9
415933	422485	9
402031	426039	9
428513	456990	9
382396	405483	9
368166	429422	9
418636	440000	9
411674	402377	9
424365	371987	9
394159	411676	9
371548	414612	9
460628	434107	9
399717	403257	9
361875	448199	9
393424	399084	9
333682	401078	9
377870	377550	9
405117	364266	9
452398	378671	9
397889	398501	9
424089	352640	9
417494	392231	9
402851	395579	9
376493	366302	9
460684	371809	9
449571	387141	9
405322	414743	9
420489	448078	9
377975	461076	9
492551	434649	9
477323	384551	9
359740	379592	9
429653	438596	9
361814	411086	9
400660	404811	9
410418	409414	9
392162	355397	9
376145	414107	9
371464	328177	9
379593	380662	9
448231	384406	9
404157	406324	9
420616	401526	9
398985	413427	9
400538	407020	9
391530	398743	9
408182	408351	9
435926	408504	9
411090	435389	9
398311	383357	9
409291	431539	9
399460	399410	9
400473	408327	9
399693	395271	9
431437	436764	9
312123	419763	9
411053	432808	9
401616	404245	9
364455	436191	9
407833	402474	9
367864	442851	9
437870	375761	9
308726	371721	9
418996	389541	9
371498	393120	9
407429	399155	9
380749	403860	9
399997	411205	9
377215	418429	9
380202	396671	9
436034	385951	9
395210	357805	9
415136	446807	9
315013	318367	9
372424	413163	9
340966	420480	9
354767	417464	9
387165	404027	9
854654	549222	7
889260	541423	7
870826	524625	7
868025	569296	7
861364	598127	7
825141	535997	7
906640	587296	7
906396	535803	7
887896	558572	7
817776	525600	7
844066	546029	7
848976	558706	7
897131	604582	7
845120	549830	7
872241	556733	7
857818	534525	7
794265	594573	7
857126	548151	7
842786	614034	7
889975	589361	7
841130	529745	7
813561	583156	7
855603	542414	7
887556	531797	7
837032	509264	7
852037	649724	3
793791	581315	7
904450	533427	7
879722	550246	7
839088	528460	7
869369	536868	7
871873	509094	7
900991	497149	7
919544	541255	7
860520	544023	7
863042	557890	7
889805	522039	7
879031	489881	7
852918	552112	7
903840	586229	7
932662	537069	7
908506	549611	7
867533	542290	7
844617	499013	7
862002	534006	7
883981	607581	7
864265	549505	7
883062	547498	7
860870	546516	7
895565	501871	7
843344	604964	7
864059	545894	7
830888	544022	7
858819	544904	7
853562	531620	7
873791	606643	7
859213	538040	7
841843	503359	7
842719	506205	7
847904	574114	7
863859	546898	7
888919	535805	7
855045	547633	7
863102	545783	7
829747	530312	7
850607	565348	7
810277	520837	7
879104	595389	7
840406	538772	7
838367	536676	7
837457	518745	7
861519	531277	7
816056	542574	7
862534	547936	7
808555	600511	7
862571	550965	7
832010	554080	7
882403	534710	7
840020	568424	7
865030	541150	7
846594	522941	7
890223	556874	7
873136	513309	7
846622	553552	7
905770	531812	7
803216	577565	7
914183	620056	7
877510	555087	7
861193	573954	7
840994	578455	7
875640	561262	7
876782	536438	7
849501	552769	7
866973	550375	7
906382	534459	7
822722	553764	7
861656	545794	7
856991	546255	7
865081	551012	7
895680	609341	7
867801	548156	7
846324	557586	7
840059	534876	7
860473	545982	7
937823	540173	7
886532	500026	7
904133	534915	7
880545	506175	7
833499	504718	7
854979	539793	7
818739	545052	7
825596	639465	3
838036	542999	7
846216	528037	7
850790	525740	7
864040	538985	7
869818	543227	7
879309	561548	7
860563	534839	7
846082	541026	7
860151	543055	7
847292	559228	7
838239	576018	7
837307	548214	7
853093	586321	7
884326	479802	7
838978	622330	7
842903	567914	7
832490	450680	7
844948	563321	7
859577	544625	7
908409	591215	7
819843	570485	7
875625	599766	7
887780	536497	7
884613	507507	7
849858	524682	7
846741	539481	7
870630	516603	7
843111	581603	7
869718	536928	7
857648	511640	7
881571	532467	7
860230	528054	7
861966	562885	7
898736	548642	7
961951	577029	7
866878	501919	7
874791	559085	7
874239	594786	7
915504	527751	7
758172	608152	7
859515	505303	7
861033	507671	7
837880	444574	7
827672	545966	7
869960	562146	7
858151	548242	7
877440	529137	7
821835	564313	7
846371	578530	7
829482	475863	7
860507	526669	7
878696	530134	7
837312	572687	7
886773	509047	7
879805	547494	7
859679	541785	7
910683	612854	7
860863	546060	7
874110	541972	7
790149	565157	7
873984	580836	7
873742	448214	7
894785	440382	7
874312	574582	7
879902	518647	7
851462	526597	7
839012	550376	7
808097	502521	7
879500	590791	7
864721	548447	7
866044	584750	7
876151	582116	7
819250	517655	7
807278	566392	7
872033	558924	7
894268	532597	7
846752	613846	7
850478	566230	7
849777	531138	7
823584	568458	7
823202	619103	7
843715	568319	7
861023	545953	7
889743	560547	7
862785	579661	7
880833	537039	7
854374	550707	7
842616	515205	7
860721	547751	7
831024	505776	7
829240	591428	7
860384	555572	7
853348	525893	7
849118	571562	7
856167	542249	7
853874	560250	7
838808	524944	7
814561	575281	7
773292	531652	7
891515	520429	7
805884	549492	7
833437	556713	7
843432	490725	7
791355	529644	7
865157	562132	7
920249	551171	7
808777	512952	7
898916	630099	7
863706	491401	7
857231	551055	7
877413	541536	7
838821	563842	7
854037	528890	7
824475	518063	7
857360	562228	7
856437	532452	7
862117	600081	7
839280	539324	7
885379	603686	7
859185	553000	7
865020	550686	7
882007	593653	7
861027	546004	7
846772	509036	7
844627	556401	7
861069	548327	7
854342	541611	7
844086	531300	7
923996	594948	7
832154	559403	7
803202	549001	7
856619	544008	7
897286	558004	7
851216	516166	7
858537	548576	7
828001	524067	7
849327	548496	7
858278	544519	7
793875	473793	7
766617	548142	7
847728	576707	7
858418	546935	7
816840	539239	7
852687	540692	7
861927	562723	7
892382	513991	7
811745	461099	7
800152	576217	7
870139	566584	7
859492	572224	7
830226	483466	7
850674	533083	7
834632	541216	7
899052	526048	7
925485	596955	7
893145	551400	7
839493	521150	7
883434	581923	7
873380	495161	7
765011	607246	7
898578	612291	7
906772	510158	7
858325	586062	7
795909	462864	7
812634	554848	7
846841	533595	7
810817	509540	7
826192	577784	7
856552	545271	7
848628	503773	7
784291	581417	7
890613	567037	7
870936	575427	7
851166	532382	7
871544	592403	7
870337	534303	7
819580	545900	7
912649	498734	7
870214	556246	7
853279	560714	7
857319	543529	7
878519	606677	7
858057	542933	7
860375	544804	7
888111	525539	7
892877	544283	7
788776	582930	7
875311	542259	7
875248	462524	7
835831	555864	7
885828	586348	7
916704	609548	7
893991	544467	7
866352	535933	7
872247	494281	7
832372	600070	7
902302	514170	7
877298	565604	7
873636	510687	7
854818	554389	7
915666	506439	7
905849	524809	7
862062	545736	7
871981	649086	3
900829	590250	7
859419	546754	7
855983	534803	7
916082	517633	7
874877	535143	7
885963	528959	7
853439	518568	7
855177	626376	7
814249	488483	7
857283	548467	7
865489	548920	7
913686	576892	7
880275	564545	7
861381	546835	7
880958	588608	7
868979	528502	7
872237	555834	7
861868	549168	7
836951	546244	7
836874	555991	7
769546	554722	7
855074	542557	7
868128	568529	7
878859	540155	7
852267	498220	7
874125	543036	7
846646	548548	7
851517	541076	7
806888	492319	7
831779	577161	7
860259	545444	7
892423	530999	7
838442	506780	7
853291	557685	7
730887	825972	2
645233	927201	2
645563	819480	2
573324	878802	2
693699	822637	2
649412	856993	2
684558	878573	2
656658	854609	2
651506	856097	2
618405	842859	2
667280	765619	2
600996	890782	2
674463	862486	2
676694	851597	2
620685	880813	2
716590	874975	2
721401	951880	2
657094	857640	2
644693	867371	2
633601	861482	2
673646	857346	2
657184	855509	2
708244	871834	2
659081	860560	2
657811	885904	2
642843	909185	2
709303	897538	2
610505	851476	2
612648	772280	2
673196	812941	2
673267	883727	2
694451	863981	2
678869	902492	2
690018	819280	2
677983	890077	2
639997	865965	2
709254	847444	2
679799	858680	2
664355	831472	2
659166	861665	2
692386	863386	2
688076	833905	2
680506	840053	2
641840	886745	2
673292	857105	2
622212	860015	2
736557	897961	2
668234	886696	2
675013	876331	2
675902	853961	2
695092	820091	2
730287	897070	2
691716	873426	2
722404	952207	2
678606	878004	2
664156	846474	2
688118	911574	2
674492	861230	2
675382	836312	2
664639	925795	2
626334	852383	2
669690	842110	2
653177	819935	2
674265	861435	2
677404	883871	2
672212	860894	2
715956	900724	2
674236	877152	2
679818	860064	2
578509	923881	2
680381	823757	2
720629	816515	2
640210	902029	2
671772	860357	2
618009	867493	2
672628	882986	2
680261	863401	2
682100	853708	2
681049	846975	2
668567	856554	2
656957	871011	2
662293	872590	2
673953	835926	2
718544	888401	2
648590	917839	2
699124	824089	2
668367	855686	2
675866	868784	2
700098	894685	2
683156	877209	2
661357	801817	2
789095	895634	2
673332	857517	2
627452	835854	2
672059	860501	2
665048	854911	2
683580	872374	2
668839	882598	2
682510	905902	2
671235	856653	2
680228	843225	2
662249	918050	2
674961	865594	2
679211	886670	2
676220	858214	2
567861	856582	2
668228	858122	2
682241	850176	2
712262	856869	2
671325	856592	2
680592	858526	2
683098	847245	2
646816	829778	2
675633	863416	2
677551	860007	2
683656	842406	2
678195	860537	2
700747	821557	2
679054	898217	2
676360	866112	2
665308	868551	2
665775	845662	2
660459	860658	2
670119	859029	2
672068	874862	2
644301	925034	2
704574	866263	2
665660	828338	2
680579	836946	2
682053	853410	2
672544	859978	2
713088	880834	2
680969	838864	2
674151	853540	2
664903	839150	2
641902	755287	2
683610	910782	2
676962	897430	2
594720	848457	2
658748	777680	2
700341	869730	2
640432	837036	2
668519	860048	2
672668	861428	2
638004	837697	2
673071	856021	2
668772	858570	2
636871	929410	2
599612	859210	2
739318	810528	2
654937	781879	2
663095	949045	2
658734	883214	2
647968	877873	2
682699	851115	2
684739	884934	2
667620	855461	2
616281	845406	2
697161	840318	2
679237	862389	2
664260	859029	2
674121	858589	2
700962	927047	2
723397	859761	2
648230	857418	2
677896	867053	2
680828	839011	2
680757	826912	2
673826	880137	2
694897	834591	2
683585	905984	2
671609	815681	2
669748	863109	2
674659	860894	2
659734	844127	2
656156	868643	2
653258	860766	2
684131	898331	2
666516	859837	2
655237	871554	2
653592	959882	2
659280	845579	2
646422	900526	2
627580	840406	2
604546	847329	2
631316	837043	2
705518	925936	2
662898	884734	2
718088	852181	2
666315	872311	2
710082	881600	2
674433	860605	2
685821	816579	2
678856	850293	2
669427	846395	2
687043	806921	2
657981	866945	2
676480	860779	2
704065	832648	2
669178	866011	2
693783	860206	2
683027	876064	2
670957	810768	2
674134	908464	2
637665	858741	2
664325	877878	2
664025	801796	2
672800	874378	2
685124	873363	2
674496	870664	2
684602	823981	2
677769	841641	2
651576	865180	2
650720	817440	2
674472	860330	2
673028	860593	2
683413	861559	2
669638	842011	2
674365	860819	2
687360	862438	2
662684	813662	2
673242	886958	2
674311	859933	2
595580	798572	2
636769	854047	2
685551	798742	2
663945	828490	2
717187	883275	2
706906	885612	2
675988	841317	2
671976	864630	2
669366	869654	2
651216	815098	2
676767	832479	2
657879	857942	2
665828	868934	2
674905	876286	2
640000	863831	2
672818	881943	2
634800	823669	2
658590	886551	2
639463	847461	2
625416	868848	2
672266	862875	2
723173	872525	2
688098	908495	2
673410	863889	2
679788	889464	2
615826	863168	2
598671	854219	2
753254	840123	2
669430	905798	2
726847	875488	2
648443	845340	2
674114	970756	2
675551	956849	2
677459	896720	2
634004	895206	2
653745	809028	2
682420	846881	2
666636	858686	2
682481	879399	2
656834	885944	2
718257	857481	2
672598	856928	2
693997	774817	2
612392	916853	2
671444	860206	2
671404	857240	2
689628	868984	2
704570	845515	2
652233	886054	2
705929	851313	2
682315	843851	2
667131	849230	2
707894	904500	2
649345	864613	2
629998	877765	2
659542	840985	2
621278	888326	2
682304	876841	2
679747	860939	2
663049	843538	2
672876	844123	2
689948	850548	2
696257	894819	2
629377	853726	2
658034	897179	2
696808	866039	2
699668	863774	2
669697	859388	2
606506	766728	2
672474	868765	2
697011	856357	2
708262	945359	2
653181	886417	2
674521	861127	2
729194	856897	2
663168	859429	2
644843	838626	2
672797	843231	2
680677	868629	2
614497	830844	2
646671	857872	2
679242	853941	2
665697	929571	2
749941	916922	2
602365	916673	2
684537	843821	2
694308	904062	2
731712	878998	2
667713	847241	2
730383	879136	2
689363	817577	2
728743	850843	2
683941	915579	2
722463	882675	2
670519	870010	2
683252	858182	2
669288	860515	2
675357	870850	2
673449	860643	2
687325	883004	2
603472	894573	2
669713	851017	2
693362	837786	2
605535	925341	2
687078	791051	2
672387	800443	2
683048	937776	2
713579	879202	2
571669	873544	2
695260	824882	2
702654	841548	2
601619	825604	2
564416	878492	2
703773	870419	2
674931	870112	2
673140	864863	2
681053	892766	2
683321	873932	2
701017	931252	2
645677	814395	2
677362	853471	2
659046	930099	2
665426	853940	2
691827	863963	2
650661	861267	2
599647	858702	2
684091	842566	2
